[
  {
    "m00": 0.959743857,
    "m10": -0.008703253,
    "m20": -0.28074193,
    "m30": 0.0,
    "m01": -0.008703253,
    "m11": 0.9981184,
    "m21": -0.0606955,
    "m31": 0.0,
    "m02": 0.28074193,
    "m12": 0.0606955,
    "m22": 0.9578622,
    "m32": 0.0,
    "m03": -14.0955029,
    "m13": 0.7825911,
    "m23": 13.3687716,
    "m33": 1.0
  },
  {
    "m00": 0.5900752,
    "m10": -0.6967124,
    "m20": -0.4079255,
    "m30": 0.0,
    "m01": -0.6967124,
    "m11": -0.18413949,
    "m21": -0.6933143,
    "m31": 0.0,
    "m02": 0.4079255,
    "m12": 0.6933143,
    "m22": -0.594064236,
    "m32": 0.0,
    "m03": -33.4185257,
    "m13": -3.18133235,
    "m23": -28.1035061,
    "m33": 1.0
  },
  {
    "m00": 0.9862485,
    "m10": -0.0488523543,
    "m20": 0.157884151,
    "m30": 0.0,
    "m01": -0.0488523543,
    "m11": 0.8264519,
    "m21": 0.5608839,
    "m31": 0.0,
    "m02": -0.157884151,
    "m12": -0.5608839,
    "m22": 0.812700331,
    "m32": 0.0,
    "m03": 36.985672,
    "m13": -44.4049835,
    "m23": 0.215607882,
    "m33": 1.0
  },
  {
    "m00": -0.6522392,
    "m10": -0.2580397,
    "m20": 0.712740839,
    "m30": 0.0,
    "m01": -0.2580397,
    "m11": 0.959700465,
    "m21": 0.111312836,
    "m31": 0.0,
    "m02": -0.712740839,
    "m12": -0.111312836,
    "m22": -0.692538738,
    "m32": 0.0,
    "m03": -47.8084564,
    "m13": 7.342595,
    "m23": -41.60601,
    "m33": 1.0
  },
  {
    "m00": 0.614095747,
    "m10": 0.34022662,
    "m20": 0.712132156,
    "m30": 0.0,
    "m01": 0.34022662,
    "m11": 0.7000444,
    "m21": -0.627840459,
    "m31": 0.0,
    "m02": -0.712132156,
    "m12": 0.627840459,
    "m22": 0.314140141,
    "m32": 0.0,
    "m03": -8.52504349,
    "m13": 44.5002556,
    "m23": 21.0756874,
    "m33": 1.0
  },
  {
    "m00": 0.995521963,
    "m10": -0.03279585,
    "m20": 0.08865918,
    "m30": 0.0,
    "m01": -0.03279585,
    "m11": 0.7598126,
    "m21": 0.649314463,
    "m31": 0.0,
    "m02": -0.08865918,
    "m12": -0.649314463,
    "m22": 0.755334556,
    "m32": 0.0,
    "m03": -9.164244,
    "m13": 18.3806171,
    "m23": -48.38773,
    "m33": 1.0
  },
  {
    "m00": -0.6697613,
    "m10": -0.0071903565,
    "m20": -0.742541552,
    "m30": 0.0,
    "m01": -0.0071903565,
    "m11": 0.999969065,
    "m21": -0.003197546,
    "m31": 0.0,
    "m02": 0.742541552,
    "m12": 0.003197546,
    "m22": -0.6697923,
    "m32": 0.0,
    "m03": 12.1879759,
    "m13": -2.49400735,
    "m23": -44.37469,
    "m33": 1.0
  },
  {
    "m00": 0.258668542,
    "m10": 0.5949754,
    "m20": 0.7609829,
    "m30": 0.0,
    "m01": 0.5949754,
    "m11": 0.5224865,
    "m21": -0.6107472,
    "m31": 0.0,
    "m02": -0.7609829,
    "m12": 0.6107472,
    "m22": -0.218844891,
    "m32": 0.0,
    "m03": -6.985468,
    "m13": 22.6311188,
    "m23": -16.76225,
    "m33": 1.0
  },
  {
    "m00": 0.76157546,
    "m10": 0.185024723,
    "m20": 0.6211028,
    "m30": 0.0,
    "m01": 0.185024723,
    "m11": 0.856415153,
    "m21": -0.481994778,
    "m31": 0.0,
    "m02": -0.6211028,
    "m12": 0.481994778,
    "m22": 0.6179906,
    "m32": 0.0,
    "m03": 37.2609253,
    "m13": 22.1544132,
    "m23": -41.4537659,
    "m33": 1.0
  },
  {
    "m00": -0.204184413,
    "m10": 0.09603136,
    "m20": -0.974210858,
    "m30": 0.0,
    "m01": 0.09603136,
    "m11": 0.9923417,
    "m21": 0.07769141,
    "m31": 0.0,
    "m02": 0.974210858,
    "m12": -0.07769141,
    "m22": -0.211842775,
    "m32": 0.0,
    "m03": 35.924305,
    "m13": 19.78954,
    "m23": -5.8127346,
    "m33": 1.0
  },
  {
    "m00": 0.8750035,
    "m10": -0.120582759,
    "m20": 0.4688589,
    "m30": 0.0,
    "m01": -0.120582759,
    "m11": 0.8836751,
    "m21": 0.4523031,
    "m31": 0.0,
    "m02": -0.4688589,
    "m12": -0.4523031,
    "m22": 0.7586786,
    "m32": 0.0,
    "m03": 20.0745449,
    "m13": -26.1950016,
    "m23": 11.8802967,
    "m33": 1.0
  }
]